  0   0   0   0   0   0   0  50   0   0   0   0   0   0   0   0
  0   0   0   0  83  83  83  83   0  90  90  90   0   0   0   0
  0   0   0  83  83  83  83  83   0  90  90  90  90   0   0   0
  0   0  83   0  83  83  83  83  90  90  90  90   0  89   0   0
  0  83  83  83   0  83  83   6  90  90  90   0  90  90  83   0
  0  83  83  83  83   0  83  90  90  90   0  90  90  90  84   0
  0  83  83  83  83  83   0  90  90   0  90  90  90  90  90   0
 50  83  83  83   7  90  90   0   0  90  90  90  90   0   0   0
  0   0   0  90  90  90  90   0   0  90  90   7  83  83  83  46
  0  90  90  90  90  90   0  90  90   0  83  83  83  83  83   0
  0  90  90  90  90   0  90  90  90  83   0  83  83  83  78   0
  0  90  90  90   0  90  90  90   7  83  83   0  83  83  77   0
  0   0  90   0  90  90  90  90  83  83  83  83   0  82   0   0
  0   0   0  90  90  90  90   0  83  83  83  83  83   0   0   0
  0   0   0   0  90  90  90   0  83  83  83  83   0   0   0   0
  0   0   0   0   0   0   0   0  50   0   0   0   0   0   0   0
  0   0   0   0   0   0   0  70   0   0   0   0   0   0   0   0
  0   0   0   0 116 116 116 116   0 152 152 152   0   0   0   0
  0   0   0 116 116 116 116 116   0 152 152 152 152   0   0   0
  0   0 116   0 116 116 116 116 152 152 152 152   0 149   0   0
  0 116 116 116   0 116 116   9 152 152 152   0 152 152 116   0
  0 116 116 116 116   0 116 152 152 152   0 152 152 152 124   0
  0 116 116 116 116 116   0 152 152   0 152 152 152 152 152   0
 70 116 116 116  10 152 152   0   0 152 152 152 152   0   0   0
  0   0   0 152 152 152 152   0   0 152 152   9 116 116 116  48
  0 152 152 152 152 152   0 152 152   0 116 116 116 116 116   0
  0 152 152 152 152   0 152 152 152 116   0 116 116 116  87   0
  0 152 152 152   0 152 152 152   9 116 116   0 116 116  79   0
  0   0 152   0 152 152 152 152 116 116 116 116   0 113   0   0
  0   0   0 152 152 152 152   0 116 116 116 116 116   0   0   0
  0   0   0   0 152 152 152   0 116 116 116 116   0   0   0   0
  0   0   0   0   0   0   0   0  70   0   0   0   0   0   0   0
  0   0   0   0   0   0   0 153   0   0   0   0   0   0   0   0
  0   0   0   0 254 254 254 254   0 252 252 252   0   0   0   0
  0   0   0 254 254 254 254 254   0 252 252 252 252   0   0   0
  0   0 254   0 254 254 254 254 252 252 252 252   0 252   0   0
  0 254 254 254   0 254 254  20 252 252 252   0 252 252 254   0
  0 254 254 254 254   0 254 252 252 252   0 252 252 252 253   0
  0 254 254 254 254 254   0 252 252   0 252 252 252 252 252   0
154 254 254 254  21 252 252   0   0 252 252 252 252   0   0   0
  0   0   0 252 252 252 252   0   0 252 252  20 254 254 254 153
  0 252 252 252 252 252   0 252 252   0 254 254 254 254 254   0
  0 252 252 252 252   0 252 252 252 254   0 254 254 254 254   0
  0 252 252 252   0 252 252 252  20 254 254   0 254 254 255   0
  0   0 252   0 252 252 252 252 254 254 254 254   0 254   0   0
  0   0   0 252 252 252 252   0 254 254 254 254 254   0   0   0
  0   0   0   0 252 252 252   0 254 254 254 254   0   0   0   0
  0   0   0   0   0   0   0   0 153   0   0   0   0   0   0   0

  0   0   0   0   0  14  35  20  39  33  14   0   0   0   0   0
  0   0   0  13  55  84  87  43  81  80  78  51  13   0   0   0
  0   0   4  74  89  90  90  45  83  83  83  82  69   4   0   0
  0  15  76  40  85  90  90  54  73  83  83  78  36  70  13   0
  0  59  90  85  40  85  90  85  42  83  78  36  78  83  54   0
 15  89  90  90  85  40  85  90  59  57  36  78  83  83  82  14
 39  90  90  90  90  85  40  85  85  20  57  83  83  83  83  35
 23  44  45  54  85  90  85  40  40  85  59  42  73  83  83  42
 42  83  83  73  42  59  85  40  40  85  90  85  54  44  44  23
 35  83  83  83  83  57  20  85  85  40  85  90  90  90  90  39
 14  82  83  83  78  36  57  59  90  85  40  85  90  90  89  15
  0  54  83  78  36  78  83  42  85  90  85  40  85  90  59   0
  0  13  71  36  78  83  83  78  73  90  90  85  40  77  15   0
  0   0   4  71  83  83  83  83  44  90  90  90  77   4   0   0
  0   0   0  13  54  82  83  83  44  90  89  59  15   0   0   0
  0   0   0   0   0  14  35  42  23  39  15   0   0   0   0   0
  0   0   0   0   0  20  51  24  40  34  14   0   0   0   0   0
  0   0   0  20  81 130 140  63 108 104  94  55  13   0   0   0
  0   0   7 117 151 152 152  71 116 116 116 115  86   4   0   0
  0  23 125  67 143 152 152  92 102 116 116 109  51  94  17   0
  0 100 152 143  67 143 152 144  61 116 109  50 109 116  76   0
 27 150 152 152 143  67 143 152  99  80  51 109 116 116 114  20
 66 152 152 152 152 143  67 143 143  33  80 116 116 116 116  51
 34  67  71  92 144 152 143  67  67 143  99  62 102 116 116  59
 59 116 116 102  62  99 143  67  67 143 152 144  92  71  67  34
 51 116 116 116 116  80  33 143 143  67 143 152 152 152 152  66
 20 114 116 116 109  51  80  99 152 143  67 143 152 152 150  27
  0  77 116 109  51 109 116  61 144 152 143  67 143 152 101   0
  0  20  99  51 109 116 116 109 122 152 152 143  67 131  26   0
  0   0   7 100 116 116 116 116  71 152 152 152 131   8   0   0
  0   0   0  20  77 114 116 116  67 152 150 101  26   0   0   0
  0   0   0   0   0  20  51  59  34  66  27   0   0   0   0   0
  0   0   0   0   0  46 112  70 132 112  46   0   0   0   0   0
  0   0   0  45 168 250 252 133 254 254 251 169  45   0   0   0
  0   0  15 217 252 252 252 131 254 254 254 254 219  15   0   0
  0  45 217 112 238 252 252 154 225 254 254 239 112 219  45   0
  0 167 252 238 112 238 252 240 129 254 239 112 239 254 169   0
 46 249 252 252 238 112 238 252 166 176 112 239 254 254 251  46
110 252 252 252 252 238 112 238 238  56 176 254 254 254 254 112
 70 133 130 154 240 252 238 112 112 238 166 129 225 254 254 131
131 254 254 225 129 166 238 112 112 238 252 240 154 131 133  70
112 254 254 254 254 176  56 238 238 112 238 252 252 252 252 110
 46 251 254 254 239 112 176 166 252 238 112 238 252 252 249  46
  0 168 254 239 112 239 254 129 240 252 238 112 238 252 167   0
  0  45 219 112 239 254 254 238 208 252 252 238 112 217  45   0
  0   0  15 219 254 254 254 254 130 252 252 252 217  15   0   0
  0   0   0  45 168 251 254 254 133 252 249 167  45   0   0   0
  0   0   0   0   0  46 112 131  70 110  46   0   0   0   0   0

  0   0   0   0   0  14  35  42  23  39  15   0   0   0   0   0
  0   0   0  13  54  82  83  83  44  90  89  59  15   0   0   0
  0   0   4  70  83  83  83  83  44  90  90  90  77   4   0   0
  0  13  69  36  78  83  83  73  54  90  90  85  40  77  15   0
  0  51  82  78  36  78  83  42  85  90  85  40  85  90  59   0
 14  78  83  83  78  36  57  59  90  85  40  85  90  90  89  15
 33  80  83  83  83  57  20  85  85  40  85  90  90  90  90  39
 39  81  83  73  42  59  85  40  40  85  90  85  73  44  44  23
 20  43  45  54  85  90  85  40  40  85  59  42  78  83  83  42
 35  87  90  90  90  85  40  85  85  20  57  83  83  83  83  35
 14  84  90  90  85  40  85  90  59  57  36  78  83  83  82  14
  0  55  89  85  40  85  90  85  42  83  78  36  78  83  54   0
  0  13  74  40  85  90  90  54  73  83  83  78  36  71  13   0
  0   0   4  76  90  90  90  45  83  83  83  83  71   4   0   0
  0   0   0  15  59  89  90  44  83  83  82  54  13   0   0   0
  0   0   0   0   0  15  39  23  42  35  14   0   0   0   0   0
  0   0   0   0   0  20  51  59  34  66  27   0   0   0   0   0
  0   0   0  17  76 114 116 116  67 152 150 101  26   0   0   0
  0   0   4  94 116 116 116 116  71 152 152 152 131   8   0   0
  0  13  86  51 109 116 116 102  92 152 152 143  67 131  26   0
  0  55 115 109  50 109 116  62 144 152 143  67 143 152 101   0
 14  94 116 116 109  51  80  99 152 143  67 143 152 152 150  27
 34 104 116 116 116  80  33 143 143  67 143 152 152 152 152  66
 40 108 116 102  61  99 143  67  67 143 152 144 122  71  67  34
 24  63  71  92 144 152 143  67  67 143  99  61 109 116 116  59
 51 140 152 152 152 143  67 143 143  33  80 116 116 116 116  51
 20 130 152 152 143  67 143 152  99  80  51 109 116 116 114  20
  0  81 151 143  67 143 152 144  62 116 109  51 109 116  77   0
  0  20 117  67 143 152 152  92 102 116 116 109  51 100  20   0
  0   0   7 125 152 152 152  71 116 116 116 116  99   7   0   0
  0   0   0  23 100 150 152  67 116 116 114  77  20   0   0   0
  0   0   0   0   0  27  66  34  59  51  20   0   0   0   0   0
  0   0   0   0   0  46 112 131  70 110  46   0   0   0   0   0
  0   0   0  45 169 251 254 254 133 252 249 167  45   0   0   0
  0   0  15 219 254 254 254 254 131 252 252 252 217  15   0   0
  0  45 219 112 239 254 254 225 154 252 252 238 112 217  45   0
  0 169 254 239 112 239 254 129 240 252 238 112 238 252 167   0
 46 251 254 254 239 112 176 166 252 238 112 238 252 252 249  46
112 254 254 254 254 176  56 238 238 112 238 252 252 252 252 110
132 254 254 225 129 166 238 112 112 238 252 240 208 130 133  70
 70 133 131 154 240 252 238 112 112 238 166 129 238 254 254 131
112 252 252 252 252 238 112 238 238  56 176 254 254 254 254 112
 46 250 252 252 238 112 238 252 166 176 112 239 254 254 251  46
  0 168 252 238 112 238 252 240 129 254 239 112 239 254 168   0
  0  45 217 112 238 252 252 154 225 254 254 239 112 219  45   0
  0   0  15 217 252 252 252 130 254 254 254 254 219  15   0   0
  0   0   0  45 167 249 252 133 254 254 251 168  45   0   0   0
  0   0   0   0   0  46 110  70 131 112  46   0   0   0   0   0

  0   0   0   0   0  15  39  23  42  35  14   0   0   0   0   0
  0   0   0  15  59  89  90  44  83  83  82  54  13   0   0   0
  0   0   4  77  90  90  90  44  83  83  83  83  71   4   0   0
  0  15  77  40  85  90  90  73  78  83  83  78  36  71  13   0
  0  59  90  85  40  85  90  85  42  83  78  36  78  83  54   0
 15  89  90  90  85  40  85  90  59  57  36  78  83  83  82  14
 39  90  90  90  90  85  40  85  85  20  57  83  83  83  83  35
 23  44  44  54  85  90  85  40  40  85  59  42  73  83  83  42
 42  83  83  73  42  59  85  40  40  85  90  85  54  45  44  23
 35  83  83  83  83  57  20  85  85  40  85  90  90  90  90  39
 14  82  83  83  78  36  57  59  90  85  40  85  90  90  89  15
  0  54  83  78  36  78  83  42  85  90  85  40  85  90  59   0
  0  13  70  36  78  83  83  73  54  90  90  85  40  76  15   0
  0   0   4  69  82  83  83  83  45  90  90  89  74   4   0   0
  0   0   0  13  51  78  80  81  43  87  84  55  13   0   0   0
  0   0   0   0   0  14  33  39  20  35  14   0   0   0   0   0
  0   0   0   0   0  27  66  34  59  51  20   0   0   0   0   0
  0   0   0  26 101 150 152  67 116 116 114  77  20   0   0   0
  0   0   8 131 152 152 152  71 116 116 116 116 100   7   0   0
  0  26 131  67 143 152 152 122 109 116 116 109  51  99  20   0
  0 101 152 143  67 143 152 144  61 116 109  51 109 116  77   0
 27 150 152 152 143  67 143 152  99  80  51 109 116 116 114  20
 66 152 152 152 152 143  67 143 143  33  80 116 116 116 116  51
 34  67  71  92 144 152 143  67  67 143  99  62 102 116 116  59
 59 116 116 102  62  99 143  67  67 143 152 144  92  71  67  34
 51 116 116 116 116  80  33 143 143  67 143 152 152 152 152  66
 20 114 116 116 109  51  80  99 152 143  67 143 152 152 150  27
  0  76 116 109  50 109 116  61 144 152 143  67 143 152 100   0
  0  17  94  51 109 116 116 102  92 152 152 143  67 125  23   0
  0   0   4  86 115 116 116 116  71 152 152 151 117   7   0   0
  0   0   0  13  55  94 104 108  63 140 130  81  20   0   0   0
  0   0   0   0   0  14  34  40  24  51  20   0   0   0   0   0
  0   0   0   0   0  46 110  70 131 112  46   0   0   0   0   0
  0   0   0  45 167 249 252 133 254 254 251 168  45   0   0   0
  0   0  15 217 252 252 252 130 254 254 254 254 219  15   0   0
  0  45 217 112 238 252 252 208 238 254 254 239 112 219  45   0
  0 167 252 238 112 238 252 240 129 254 239 112 239 254 168   0
 46 249 252 252 238 112 238 252 166 176 112 239 254 254 251  46
110 252 252 252 252 238 112 238 238  56 176 254 254 254 254 112
 70 133 131 154 240 252 238 112 112 238 166 129 225 254 254 131
131 254 254 225 129 166 238 112 112 238 252 240 154 130 133  70
112 254 254 254 254 176  56 238 238 112 238 252 252 252 252 110
 46 251 254 254 239 112 176 166 252 238 112 238 252 252 249  46
  0 169 254 239 112 239 254 129 240 252 238 112 238 252 167   0
  0  45 219 112 239 254 254 225 154 252 252 238 112 217  45   0
  0   0  15 219 254 254 254 254 131 252 252 252 217  15   0   0
  0   0   0  45 169 251 254 254 133 252 250 168  45   0   0   0
  0   0   0   0   0  46 112 132  70 112  46   0   0   0   0   0
